              precision    recall  f1-score   support

           0       0.50      0.75      0.60         4
           1       0.00      0.00      0.00         2
           2       0.50      0.75      0.60         4
           3       0.50      0.33      0.40         3
           4       0.20      0.50      0.29         2
           5       1.00      0.50      0.67         2
           6       0.25      0.25      0.25         4
           7       1.00      0.33      0.50         3
           8       1.00      0.33      0.50         3
           9       0.40      0.50      0.44         4
          10       0.00      0.00      0.00         3
          11       1.00      0.75      0.86         4
          12       0.00      0.00      0.00         3
          13       0.40      0.50      0.44         4
          14       0.67      0.67      0.67         3
          15       0.33      0.33      0.33         3
          16       0.00      0.00      0.00         3
          17       0.67      0.50      0.57         4
          18       1.00      0.67      0.80         3
          19       1.00      0.50      0.67         2
          20       0.50      1.00      0.67         3
          21       0.40      0.67      0.50         3
          22       0.00      0.00      0.00         3
          23       0.33      0.50      0.40         2
          24       0.25      0.33      0.29         3
          25       0.00      0.00      0.00         3

    accuracy                           0.42        80
   macro avg       0.46      0.41      0.40        80
weighted avg       0.46      0.42      0.41        80
