              precision    recall  f1-score   support

           0       0.75      0.82      0.78        55
           1       0.93      0.96      0.94       125
           2       0.75      0.40      0.52        15
           3       0.91      0.67      0.77        15
           4       0.74      0.58      0.65        50
           5       0.79      0.91      0.85        55
           6       1.00      0.33      0.50        15
           7       1.00      1.00      1.00        15
           8       0.76      0.88      0.81        50
           9       0.83      0.87      0.85       125

    accuracy                           0.83       520
   macro avg       0.85      0.74      0.77       520
weighted avg       0.84      0.83      0.82       520
