              precision    recall  f1-score   support

           0       0.50      0.75      0.60         4
           1       0.00      0.00      0.00         2
           2       0.50      1.00      0.67         4
           3       0.00      0.00      0.00         3
           4       0.00      0.00      0.00         2
           5       0.00      0.00      0.00         2
           6       0.38      0.75      0.50         4
           7       1.00      0.33      0.50         3
           8       0.33      1.00      0.50         3
           9       1.00      0.50      0.67         4
          10       0.25      0.67      0.36         3
          11       0.40      0.50      0.44         4
          12       0.50      0.67      0.57         3
          13       0.33      0.50      0.40         4
          14       0.40      0.67      0.50         3
          15       1.00      0.33      0.50         3
          16       1.00      0.67      0.80         3
          17       0.25      0.75      0.38         4
          18       0.00      0.00      0.00         3
          19       0.00      0.00      0.00         2
          20       0.00      0.00      0.00         3
          21       0.00      0.00      0.00         3
          22       0.67      0.67      0.67         3
          23       0.00      0.00      0.00         2
          24       0.00      0.00      0.00         3
          25       0.00      0.00      0.00         3

    accuracy                           0.42        80
   macro avg       0.33      0.38      0.31        80
weighted avg       0.36      0.42      0.35        80
