              precision    recall  f1-score   support

           0       0.85      0.82      0.83        55
           1       0.94      0.93      0.93       125
           2       0.50      0.40      0.44        15
           3       0.62      0.67      0.65        15
           4       0.52      0.52      0.52        50
           5       0.75      0.73      0.74        55
           6       0.78      0.47      0.58        15
           7       0.92      0.80      0.86        15
           8       0.75      0.88      0.81        50
           9       0.78      0.82      0.80       125

    accuracy                           0.78       520
   macro avg       0.74      0.70      0.72       520
weighted avg       0.78      0.78      0.78       520
