              precision    recall  f1-score   support

           0       1.00      1.00      1.00         4
           1       1.00      1.00      1.00         2
           2       1.00      1.00      1.00         4
           3       1.00      1.00      1.00         3
           4       1.00      1.00      1.00         2
           5       1.00      0.50      0.67         2
           6       0.80      1.00      0.89         4
           7       0.60      1.00      0.75         3
           8       1.00      1.00      1.00         3
           9       1.00      0.50      0.67         4
          10       0.33      0.33      0.33         3
          11       1.00      1.00      1.00         4
          12       0.67      0.67      0.67         3
          13       1.00      0.75      0.86         4
          14       1.00      1.00      1.00         3
          15       0.75      1.00      0.86         3
          16       1.00      1.00      1.00         3
          17       1.00      0.75      0.86         4
          18       1.00      0.67      0.80         3
          19       0.50      1.00      0.67         2
          20       1.00      1.00      1.00         3
          21       1.00      1.00      1.00         3
          22       1.00      1.00      1.00         3
          23       0.67      1.00      0.80         2
          24       1.00      1.00      1.00         3
          25       1.00      0.67      0.80         3

    accuracy                           0.88        80
   macro avg       0.90      0.88      0.87        80
weighted avg       0.91      0.88      0.87        80

Best parameters are:
 {'activation': 'logistic', 'hidden_layer_sizes': (200,), 'solver': 'adam'}