              precision    recall  f1-score   support

           0       0.60      0.75      0.67         4
           1       0.00      0.00      0.00         2
           2       1.00      0.75      0.86         4
           3       0.33      0.33      0.33         3
           4       1.00      0.50      0.67         2
           5       0.25      0.50      0.33         2
           6       0.33      0.25      0.29         4
           7       1.00      0.33      0.50         3
           8       1.00      0.33      0.50         3
           9       0.50      0.75      0.60         4
          10       0.00      0.00      0.00         3
          11       1.00      0.75      0.86         4
          12       0.00      0.00      0.00         3
          13       0.43      0.75      0.55         4
          14       0.50      0.67      0.57         3
          15       0.33      0.33      0.33         3
          16       0.00      0.00      0.00         3
          17       0.67      0.50      0.57         4
          18       0.67      0.67      0.67         3
          19       0.50      0.50      0.50         2
          20       0.50      1.00      0.67         3
          21       0.50      0.67      0.57         3
          22       0.25      0.33      0.29         3
          23       0.50      0.50      0.50         2
          24       0.25      0.33      0.29         3
          25       0.00      0.00      0.00         3

    accuracy                           0.46        80
   macro avg       0.47      0.44      0.43        80
weighted avg       0.48      0.46      0.45        80

Best parameters are:
 {'class_weight': None, 'criterion': 'entropy', 'max_depth': None, 'min_impurity_decrease': 0.0, 'min_samples_split': 2}