              precision    recall  f1-score   support

           0       0.50      0.50      0.50         4
           1       0.33      1.00      0.50         2
           2       1.00      0.75      0.86         4
           3       0.67      0.67      0.67         3
           4       0.00      0.00      0.00         2
           5       0.50      0.50      0.50         2
           6       0.67      0.50      0.57         4
           7       1.00      0.33      0.50         3
           8       1.00      1.00      1.00         3
           9       1.00      0.50      0.67         4
          10       0.50      0.33      0.40         3
          11       1.00      0.75      0.86         4
          12       0.29      0.67      0.40         3
          13       0.60      0.75      0.67         4
          14       1.00      1.00      1.00         3
          15       1.00      0.67      0.80         3
          16       0.60      1.00      0.75         3
          17       0.50      0.75      0.60         4
          18       1.00      0.67      0.80         3
          19       1.00      1.00      1.00         2
          20       1.00      1.00      1.00         3
          21       0.67      0.67      0.67         3
          22       0.75      1.00      0.86         3
          23       1.00      0.50      0.67         2
          24       1.00      0.67      0.80         3
          25       0.67      0.67      0.67         3

    accuracy                           0.69        80
   macro avg       0.74      0.69      0.68        80
weighted avg       0.75      0.69      0.69        80
