              precision    recall  f1-score   support

           0       0.60      0.47      0.53        55
           1       0.93      0.89      0.91       125
           2       0.28      0.80      0.41        15
           3       0.34      0.93      0.50        15
           4       0.59      0.40      0.48        50
           5       0.76      0.62      0.68        55
           6       0.24      0.73      0.37        15
           7       1.00      0.93      0.97        15
           8       0.88      0.30      0.45        50
           9       0.77      0.73      0.75       125

    accuracy                           0.67       520
   macro avg       0.64      0.68      0.60       520
weighted avg       0.75      0.67      0.68       520
