              precision    recall  f1-score   support

           0       0.68      0.95      0.79        55
           1       0.92      0.97      0.95       125
           2       0.73      0.53      0.62        15
           3       0.88      0.93      0.90        15
           4       0.77      0.54      0.64        50
           5       0.82      0.89      0.85        55
           6       0.83      0.33      0.48        15
           7       1.00      1.00      1.00        15
           8       0.81      0.84      0.82        50
           9       0.88      0.82      0.85       125

    accuracy                           0.84       520
   macro avg       0.83      0.78      0.79       520
weighted avg       0.84      0.84      0.83       520
