              precision    recall  f1-score   support

           0       0.60      0.75      0.67         4
           1       1.00      1.00      1.00         2
           2       1.00      0.75      0.86         4
           3       1.00      1.00      1.00         3
           4       1.00      1.00      1.00         2
           5       0.33      0.50      0.40         2
           6       1.00      0.75      0.86         4
           7       0.33      0.33      0.33         3
           8       1.00      1.00      1.00         3
           9       0.75      0.75      0.75         4
          10       0.33      0.33      0.33         3
          11       0.80      1.00      0.89         4
          12       0.50      0.33      0.40         3
          13       1.00      1.00      1.00         4
          14       1.00      1.00      1.00         3
          15       0.75      1.00      0.86         3
          16       0.75      1.00      0.86         3
          17       0.43      0.75      0.55         4
          18       1.00      0.67      0.80         3
          19       0.00      0.00      0.00         2
          20       1.00      1.00      1.00         3
          21       1.00      1.00      1.00         3
          22       1.00      1.00      1.00         3
          23       1.00      0.50      0.67         2
          24       1.00      1.00      1.00         3
          25       1.00      0.33      0.50         3

    accuracy                           0.78        80
   macro avg       0.79      0.76      0.76        80
weighted avg       0.80      0.78      0.77        80
